0 -1 2.20623
-0.00197327 -0.937209 1.07841
-0.0078853 -0.874667 0.84792
-0.0177127 -0.812619 0.750051
-0.0314168 -0.75131 0.694544
-0.0489435 -0.690983 0.658252
-0.0702235 -0.631875 0.631491
-0.0951729 -0.574221 0.610824
-0.123693 -0.518246 0.595561
-0.155672 -0.464173 0.586812
-0.190983 -0.412215 0.586475
-0.229487 -0.362576 0.596726
-0.271031 -0.315453 0.61986
-0.315453 -0.271031 0.657475
-0.362576 -0.229487 0.710622
-0.412215 -0.190983 0.780021
-0.464173 -0.155672 0.866301
-0.518246 -0.123693 0.970926
-0.574221 -0.0951729 1.09668
-0.631875 -0.0702235 1.24919
-0.690983 -0.0489435 1.43953
-0.75131 -0.0314168 1.69172
-0.812619 -0.0177127 2.05802
-0.874667 -0.0078853 2.7456
-0.937209 -0.00197327 5.80242
-1 1.83668e-48 37.1714
-0.994092 -0.000247561 7.15831
-0.97653 -0.00196879 2.56491
-0.947797 -0.00657929 2.4769
-0.90868 -0.0153806 2.19237
-0.860239 -0.0295085 1.85503
-0.803777 -0.0498867 1.62401
-0.740793 -0.0771887 1.45818
-0.672928 -0.111809 1.33692
-0.601913 -0.153841 1.24707
-0.529508 -0.203075 1.18046
-0.457447 -0.258991 1.13197
-0.38737 -0.320782 1.09847
-0.320782 -0.38737 1.07829
-0.258991 -0.457447 1.07094
-0.203075 -0.529508 1.0771
-0.153841 -0.601913 1.09883
-0.111809 -0.672928 1.14019
-0.0771887 -0.740793 1.20799
-0.0498867 -0.803777 1.31729
-0.0295085 -0.860239 1.47493
-0.0153806 -0.90868 1.78278
-0.00657929 -0.947797 2.42467
-0.00196879 -0.97653 4.49783
-0.000247561 -0.994092 18.5855
